week/I:mult/I:angle/D
244 2 0.2348698
244 1 0.2198798
245 2 0.2290587
245 1 0.2280806
247 2 0.2373121
247 1 0.2222807
248 2 0.2365838
248 1 0.2234106
249 2 0.2358438
249 1 0.2212887
250 2 0.2365293
250 1 0.2225210
251 2 0.2361119
251 1 0.2232806
252 2 0.2374273
252 1 0.2214924
253 2 0.2370502
253 1 0.2188843
254 2 0.2341463
254 1 0.2235129
255 2 0.2354151
255 1 0.2200103
256 2 0.2383206
256 1 0.2249532
257 2 0.2373804
257 1 0.2176494
258 2 0.2437950
258 1 0.2320084
260 2 0.2347268
260 1 0.2236956
261 2 0.2348005
261 1 0.2230161
262 2 0.2377287
262 1 0.2220806
263 2 0.2352385
263 1 0.2246190
264 2 0.2366696
264 1 0.2208361
265 2 0.2353766
265 1 0.2209751
266 2 0.2367659
266 1 0.2235248
267 2 0.2361670
267 1 0.2200931
268 2 0.2373740
268 1 0.2270286
269 2 0.2383925
269 1 0.2211776
270 2 0.2393815
270 1 0.2218561
271 2 0.2377931
271 1 0.2261025
273 2 0.2373728
273 1 0.2261292
274 2 0.2363235
274 1 0.2253737
275 2 0.2369871
275 1 0.2235053
276 2 0.2344323
276 1 0.2198938
277 2 0.2313846
277 1 0.2204207
278 2 0.2341207
278 1 0.2191556
279 2 0.2322118
279 1 0.2219664
280 2 0.2346675
280 1 0.2183429
281 2 0.2311158
281 1 0.2208216
282 2 0.2338890
282 1 0.2173658
283 2 0.2317679
283 1 0.2178979
284 2 0.2286393
284 1 0.2110203
285 2 0.2348700
285 1 0.2249292
286 2 0.2367758
286 1 0.2018173
287 2 0.2378000
287 1 0.2219593
288 2 0.2363628
288 1 0.2204063
289 2 0.2366268
289 1 0.2212702
290 2 0.2361821
290 1 0.2193116
291 2 0.2379519
291 1 0.2212473
292 2 0.2389514
292 1 0.2236886
