week/I:mult/I:angle/D
244 2 0.2351786
244 1 0.2194762
245 2 0.2294020
245 1 0.2282089
246 2 0.2294020
246 1 0.2282089
247 2 0.2373442
247 1 0.2225451
248 2 0.2369742
248 1 0.2234144
249 2 0.2366242
249 1 0.2211969
250 2 0.2369206
250 1 0.2225275
251 2 0.2368671
251 1 0.2217576
252 2 0.2380273
252 1 0.2220020
253 2 0.2377474
253 1 0.2183954
254 2 0.2329818
254 1 0.2235101
255 2 0.2357014
255 1 0.2201616
256 2 0.2385284
256 1 0.2246474
257 2 0.2375965
257 1 0.2167932
258 2 0.2444059
258 1 0.2314035
259 2 0.2444059
259 1 0.2314035
260 2 0.2355332
260 1 0.2233635
261 2 0.2351937
261 1 0.2235601
262 2 0.2388424
262 1 0.2215550
263 2 0.2259411
263 1 0.2227104
264 2 0.2315519
264 1 0.2196328
265 2 0.2354939
265 1 0.2211894
266 2 0.2377708
266 1 0.2237750
267 2 0.2362771
267 1 0.2192509
268 2 0.2378803
268 1 0.2249719
269 2 0.2383855
269 1 0.2208492
270 2 0.2388717
270 1 0.2216923
271 2 0.2380654
271 1 0.2265131
272 2 0.2346826
272 1 0.2219006
273 2 0.2374546
273 1 0.2232237
274 2 0.2370135
274 1 0.2254114
275 2 0.2372452
275 1 0.2233775
276 2 0.2348772
276 1 0.2195644
277 2 0.2315341
277 1 0.2216147
278 2 0.2346166
278 1 0.2185318
279 2 0.2326149
279 1 0.2208207
280 2 0.2335896
280 1 0.2170969
281 2 0.2319328
281 1 0.2203979
282 2 0.2344425
282 1 0.2188571
283 2 0.2317185
283 1 0.2162580
284 2 0.2475704
284 1 0.2346767
285 2 0.2407688
285 1 0.2282463
