week/I:mult/I:angle/D
234 2 0.185786
234 1 0.164436
235 2 0.185786
235 1 0.164436
240 2 0.238361
240 1 0.230883
241 2 0.245239
241 1 0.231993
242 2 0.236488
242 1 0.221487
243 2 0.235556
243 1 0.219484
244 2 0.226308
244 1 0.208909
245 2 0.223489
245 1 0.219035
246 2 0.223489
246 1 0.219035
247 2 0.291468
247 1 0.275181
248 2 0.244829
248 1 0.234708
249 2 0.253909
249 1 0.243426
250 2 0.256408
250 1 0.250408
251 2 0.258306
251 1 0.242796
252 2 0.255207
252 1 0.250295
253 2 0.259180
253 1 0.248970
254 2 0.256461
254 1 0.246916
255 2 0.255624
255 1 0.245549
256 2 0.260428
256 1 0.254900
